
**********************************************************
*** MLMC_100 file version 0.9     produced by          ***
*** MATLAB mlmc_test_100 on 22-Jan-2025 18:10:20       ***
**********************************************************

***************************************** 
*** MLMC errors from 100 calculations *** 
***************************************** 

 Exact value: 3.678794 

 eps = 1.000e-02 
-----------------
 5.11799e-01  5.39249e-01  5.28079e-01  5.24301e-01  5.29456e-01 
 5.25126e-01  5.34520e-01  5.35657e-01  5.20030e-01  5.42458e-01 
 5.20395e-01  5.37392e-01  5.18134e-01  5.29150e-01  5.31965e-01 
 5.39335e-01  5.35388e-01  5.20376e-01  5.27408e-01  5.19244e-01 
 5.34866e-01  5.24285e-01  5.26079e-01  5.35237e-01  5.28491e-01 
 5.27618e-01  5.18902e-01  5.32173e-01  5.38194e-01  5.31415e-01 
 5.29876e-01  5.39814e-01  5.24638e-01  5.18952e-01  5.18834e-01 
 5.30481e-01  5.29606e-01  5.35690e-01  5.32661e-01  5.13586e-01 
 5.17143e-01  5.21276e-01  5.35308e-01  5.25888e-01  5.43571e-01 
 5.41291e-01  5.23760e-01  5.39460e-01  5.44375e-01  5.13522e-01 
 5.28897e-01  5.25227e-01  5.23766e-01  5.27158e-01  5.27504e-01 
 5.16797e-01  5.23771e-01  5.41824e-01  5.29150e-01  5.26619e-01 
 5.20864e-01  5.49275e-01  5.38296e-01  5.29521e-01  5.29651e-01 
 5.26645e-01  5.14904e-01  5.34978e-01  5.27707e-01  5.40418e-01 
 5.35433e-01  5.38246e-01  5.22486e-01  5.30565e-01  5.32851e-01 
 5.20085e-01  5.34361e-01  5.10701e-01  5.43112e-01  5.32200e-01 
 5.33434e-01  5.39367e-01  5.28237e-01  5.34808e-01  5.42485e-01 
 5.31351e-01  5.29757e-01  5.29870e-01  5.24186e-01  5.41443e-01 
 5.37207e-01  5.23491e-01  5.23447e-01  5.37931e-01  5.26313e-01 
 5.30380e-01  5.44837e-01  5.37605e-01  5.33354e-01  5.50320e-01 

 eps = 2.000e-02 
-----------------
 5.13169e-01  5.33356e-01  5.35815e-01  4.95033e-01  5.32092e-01 
 5.06186e-01  5.05305e-01  5.34802e-01  5.22599e-01  5.59249e-01 
 5.36873e-01  5.12247e-01  5.15640e-01  5.32434e-01  5.23661e-01 
 5.35732e-01  5.22115e-01  5.15459e-01  5.04529e-01  5.31305e-01 
 5.33714e-01  5.25373e-01  5.25632e-01  5.21888e-01  5.13025e-01 
 5.28507e-01  4.99921e-01  5.22276e-01  5.10135e-01  5.60073e-01 
 5.17537e-01  5.30237e-01  5.10677e-01  5.02528e-01  4.99933e-01 
 5.33047e-01  5.27613e-01  5.41638e-01  5.35314e-01  4.99608e-01 
 5.29235e-01  5.28262e-01  5.27982e-01  5.12085e-01  5.39175e-01 
 5.29014e-01  5.35019e-01  5.13210e-01  5.23557e-01  5.12297e-01 
 5.24257e-01  5.34892e-01  5.15239e-01  5.42034e-01  5.31902e-01 
 5.36276e-01  5.17895e-01  5.34673e-01  5.31433e-01  4.90646e-01 
 5.18041e-01  5.31516e-01  5.31128e-01  5.29033e-01  5.30972e-01 
 5.20985e-01  4.87901e-01  5.18548e-01  5.14473e-01  5.43820e-01 
 5.46097e-01  5.26149e-01  5.18193e-01  5.30036e-01  5.18938e-01 
 4.90153e-01  5.37700e-01  5.18060e-01  5.17867e-01  5.32775e-01 
 5.64888e-01  5.50785e-01  5.29872e-01  5.31743e-01  5.45450e-01 
 5.37735e-01  4.89886e-01  5.22422e-01  5.14285e-01  5.27484e-01 
 5.34079e-01  5.27259e-01  5.24551e-01  5.25584e-01  5.30168e-01 
 5.10415e-01  5.19686e-01  5.47460e-01  5.43071e-01  5.14363e-01 

 eps = 5.000e-02 
-----------------
 4.65480e-01  5.02615e-01  5.66714e-01  4.87018e-01  4.51973e-01 
 5.04944e-01  5.15851e-01  5.45917e-01  5.10374e-01  5.81319e-01 
 5.16752e-01  4.81028e-01  5.31889e-01  5.28458e-01  4.75341e-01 
 5.12850e-01  5.55000e-01  4.89243e-01  5.65189e-01  5.00395e-01 
 5.15892e-01  5.05198e-01  5.27829e-01  4.78630e-01  4.81849e-01 
 4.88234e-01  5.24563e-01  4.63332e-01  5.29811e-01  5.25801e-01 
 5.11706e-01  5.10847e-01  4.72003e-01  5.17131e-01  5.08321e-01 
 5.97947e-01  4.73146e-01  4.93867e-01  5.07282e-01  4.68897e-01 
 4.50826e-01  5.34259e-01  5.02437e-01  4.49199e-01  5.24716e-01 
 5.29267e-01  4.58821e-01  5.20430e-01  5.48615e-01  5.68713e-01 
 4.97921e-01  5.36780e-01  5.57973e-01  5.41991e-01  5.22915e-01 
 5.15258e-01  5.14785e-01  5.11384e-01  4.70689e-01  4.93986e-01 
 4.61287e-01  4.81377e-01  5.35809e-01  4.97489e-01  4.88796e-01 
 5.14019e-01  4.91501e-01  5.44065e-01  5.48824e-01  5.57472e-01 
 5.40562e-01  5.00675e-01  4.85910e-01  5.17310e-01  5.29951e-01 
 5.04560e-01  4.51178e-01  4.91905e-01  4.90718e-01  5.39579e-01 
 4.90149e-01  5.38766e-01  5.52838e-01  4.98420e-01  4.82197e-01 
 5.44342e-01  5.03174e-01  4.76854e-01  4.75772e-01  4.61703e-01 
 5.36311e-01  5.15362e-01  4.29441e-01  4.97676e-01  5.73898e-01 
 4.73622e-01  4.69520e-01  5.30107e-01  5.23140e-01  5.08193e-01 

 eps = 1.000e-01 
-----------------
 5.15454e-01  4.61554e-01  4.09000e-01  5.81708e-01  4.09600e-01 
 4.46083e-01  4.50883e-01  4.51758e-01  5.99747e-01  4.60983e-01 
 5.23891e-01  6.04620e-01  5.34966e-01  5.11306e-01  4.54933e-01 
 4.50433e-01  5.33939e-01  5.23337e-01  4.48483e-01  6.20974e-01 
 5.10632e-01  5.54824e-01  4.91248e-01  4.50683e-01  4.12700e-01 
 4.51433e-01  4.82567e-01  4.50833e-01  4.53533e-01  4.55114e-01 
 4.77748e-01  5.11535e-01  4.49437e-01  5.39919e-01  5.43371e-01 
 5.24896e-01  5.13172e-01  5.64000e-01  6.00445e-01  5.66412e-01 
 4.39314e-01  5.88851e-01  4.44837e-01  4.45983e-01  5.76713e-01 
 4.51183e-01  4.94833e-01  5.22054e-01  4.21200e-01  4.49383e-01 
 5.03232e-01  5.58560e-01  5.52833e-01  4.46733e-01  4.80467e-01 
 5.25663e-01  4.47983e-01  5.68611e-01  5.63444e-01  5.01950e-01 
 4.47414e-01  5.31754e-01  4.01300e-01  4.86282e-01  5.80036e-01 
 4.46233e-01  4.35114e-01  5.22358e-01  4.58154e-01  4.22000e-01 
 5.70347e-01  4.72556e-01  5.75517e-01  4.48483e-01  4.44714e-01 
 5.57507e-01  5.93031e-01  5.18901e-01  4.71054e-01  4.78956e-01 
 4.52033e-01  5.56237e-01  5.20191e-01  4.51583e-01  4.54633e-01 
 4.14200e-01  4.38283e-01  4.47800e-01  4.43783e-01  4.64354e-01 
 4.53683e-01  4.42283e-01  4.66254e-01  5.83698e-01  4.48983e-01 
 5.01286e-01  3.85767e-01  5.28365e-01  4.50983e-01  6.03694e-01 
