
**********************************************************
*** MLMC_100 file version 0.9     produced by          ***
*** MATLAB mlmc_test_100 on 22-Jan-2025 18:40:33       ***
**********************************************************

***************************************** 
*** MLMC errors from 100 calculations *** 
***************************************** 

 Exact value: 3.678794 

 eps = 1.000e-02 
-----------------
 1.26066e-01  1.07497e-01  1.15357e-01  1.17368e-01  1.06222e-01 
 1.08289e-01  1.22741e-01  9.60063e-02  1.11032e-01  9.77378e-02 
 1.14951e-01  1.21251e-01  9.39148e-02  1.20862e-01  1.06618e-01 
 1.06926e-01  9.53099e-02  1.17469e-01  1.10105e-01  1.06623e-01 
 1.00757e-01  1.13255e-01  1.10360e-01  1.26072e-01  1.16847e-01 
 1.09148e-01  1.06389e-01  1.21915e-01  1.14546e-01  1.21789e-01 
 1.14470e-01  1.03237e-01  1.18812e-01  1.11031e-01  1.14550e-01 
 1.10422e-01  1.11904e-01  1.19549e-01  1.15297e-01  1.12204e-01 
 9.91562e-02  1.26475e-01  1.19849e-01  1.16387e-01  1.01990e-01 
 9.13760e-02  1.15036e-01  1.14872e-01  1.08221e-01  1.07822e-01 
 1.09110e-01  1.06456e-01  1.17744e-01  1.17000e-01  9.91646e-02 
 1.23800e-01  1.04282e-01  1.11500e-01  1.08477e-01  1.11203e-01 
 1.16969e-01  9.99789e-02  1.15714e-01  1.20552e-01  1.05486e-01 
 1.02100e-01  1.06892e-01  1.20817e-01  1.15460e-01  1.22259e-01 
 1.13745e-01  1.18553e-01  1.10019e-01  1.09250e-01  1.06346e-01 
 1.10534e-01  1.07831e-01  1.12994e-01  1.14673e-01  1.04155e-01 
 1.14300e-01  1.28053e-01  1.11833e-01  1.09438e-01  1.18117e-01 
 1.13727e-01  1.18769e-01  1.14282e-01  1.20201e-01  1.22883e-01 
 1.21543e-01  1.15236e-01  1.10846e-01  1.12989e-01  1.16512e-01 
 1.16381e-01  1.06163e-01  1.10977e-01  1.01978e-01  1.21257e-01 

 eps = 2.000e-02 
-----------------
 1.09794e-01  9.23140e-02  1.00552e-01  1.28303e-01  1.15014e-01 
 9.39524e-02  1.10707e-01  1.00593e-01  1.18714e-01  1.05922e-01 
 9.99263e-02  1.13321e-01  1.08776e-01  1.12111e-01  1.00369e-01 
 1.14013e-01  1.11541e-01  9.53945e-02  9.78607e-02  1.29839e-01 
 1.01773e-01  1.01850e-01  1.11513e-01  1.11433e-01  9.39945e-02 
 8.51000e-02  9.13712e-02  1.31671e-01  9.15225e-02  1.13652e-01 
 1.15822e-01  9.01524e-02  1.34064e-01  9.80050e-02  1.12323e-01 
 1.11601e-01  1.02069e-01  1.16115e-01  9.81180e-02  1.13587e-01 
 9.61119e-02  8.92180e-02  1.04066e-01  1.22856e-01  1.15007e-01 
 1.00549e-01  1.18385e-01  9.89636e-02  1.20581e-01  1.01429e-01 
 9.05350e-02  1.23658e-01  1.09268e-01  1.01581e-01  1.01767e-01 
 1.22248e-01  1.11778e-01  1.09740e-01  1.10105e-01  1.03736e-01 
 1.17412e-01  9.58004e-02  8.87888e-02  1.20376e-01  9.65607e-02 
 1.08052e-01  1.16144e-01  1.00436e-01  1.11031e-01  9.84073e-02 
 1.00835e-01  9.91978e-02  9.04606e-02  1.20369e-01  9.37524e-02 
 9.08824e-02  9.89943e-02  1.14665e-01  9.32350e-02  9.12000e-02 
 1.04057e-01  1.24946e-01  1.13101e-01  1.08615e-01  1.23237e-01 
 9.59360e-02  9.69286e-02  1.09659e-01  1.07239e-01  9.08114e-02 
 9.20081e-02  1.04330e-01  1.19392e-01  9.78054e-02  1.00494e-01 
 1.16553e-01  9.61721e-02  1.07354e-01  1.00057e-01  1.11671e-01 

 eps = 5.000e-02 
-----------------
 1.09839e-01  8.65000e-02  8.79000e-02  8.74000e-02  1.54294e-01 
 1.36182e-01  1.31638e-01  8.61000e-02  8.73000e-02  8.37000e-02 
 1.15374e-01  1.07633e-01  8.17000e-02  1.24214e-01  8.38000e-02 
 1.40131e-01  1.15778e-01  8.99000e-02  8.63000e-02  9.85308e-02 
 9.06000e-02  1.52542e-01  1.22653e-01  1.24045e-01  8.85000e-02 
 1.45139e-01  8.09000e-02  9.14000e-02  1.34010e-01  8.88000e-02 
 9.36000e-02  8.42000e-02  9.18000e-02  8.54000e-02  1.14297e-01 
 1.39781e-01  8.55000e-02  8.55000e-02  9.25000e-02  8.85000e-02 
 8.34000e-02  1.22435e-01  8.73000e-02  1.14078e-01  8.92000e-02 
 8.36000e-02  8.63000e-02  8.76000e-02  1.07377e-01  1.39131e-01 
 8.44000e-02  8.41000e-02  9.04000e-02  1.60574e-01  8.65000e-02 
 9.02000e-02  9.13000e-02  8.44000e-02  8.58000e-02  9.25000e-02 
 1.05831e-01  1.32287e-01  1.21253e-01  8.89000e-02  1.06277e-01 
 8.26000e-02  9.99078e-02  1.17771e-01  8.84000e-02  8.58000e-02 
 8.47000e-02  1.14769e-01  8.44000e-02  1.29138e-01  1.15197e-01 
 8.50000e-02  8.75000e-02  8.22000e-02  8.71000e-02  1.25453e-01 
 8.22000e-02  9.15000e-02  1.04608e-01  1.04433e-01  1.09833e-01 
 1.12097e-01  1.04731e-01  1.19284e-01  8.56000e-02  6.23609e-02 
 9.03000e-02  8.37000e-02  1.05977e-01  1.21812e-01  8.90000e-02 
 8.63000e-02  1.11669e-01  8.69000e-02  8.71000e-02  9.04000e-02 

 eps = 1.000e-01 
-----------------
 8.81000e-02  1.20983e-01  8.79000e-02  1.21883e-01  8.68000e-02 
 8.80000e-02  9.02000e-02  8.61000e-02  8.73000e-02  8.37000e-02 
 8.94000e-02  8.68000e-02  8.17000e-02  8.85000e-02  8.38000e-02 
 8.67000e-02  1.22483e-01  8.99000e-02  8.63000e-02  7.93000e-02 
 9.06000e-02  9.08000e-02  8.84000e-02  8.79000e-02  1.45643e-01 
 8.51000e-02  8.09000e-02  9.14000e-02  8.49000e-02  8.88000e-02 
 9.36000e-02  8.42000e-02  9.18000e-02  8.54000e-02  8.69000e-02 
 8.93000e-02  8.55000e-02  8.55000e-02  9.25000e-02  1.25537e-01 
 8.34000e-02  8.36000e-02  8.73000e-02  8.63000e-02  8.92000e-02 
 8.36000e-02  8.63000e-02  1.36380e-01  8.61000e-02  9.00000e-02 
 8.44000e-02  8.41000e-02  1.60167e-01  8.66000e-02  8.65000e-02 
 1.27237e-01  9.13000e-02  8.44000e-02  8.58000e-02  9.25000e-02 
 8.66000e-02  8.27000e-02  8.70000e-02  1.46883e-01  8.50000e-02 
 8.26000e-02  8.03000e-02  8.92000e-02  8.84000e-02  8.58000e-02 
 8.47000e-02  8.66000e-02  1.18883e-01  8.77000e-02  8.78000e-02 
 8.50000e-02  8.75000e-02  1.16683e-01  8.71000e-02  9.12000e-02 
 8.22000e-02  9.15000e-02  8.42000e-02  8.36000e-02  1.26037e-01 
 8.47000e-02  8.55000e-02  8.44000e-02  8.56000e-02  8.41000e-02 
 9.03000e-02  8.37000e-02  8.47000e-02  9.24000e-02  8.90000e-02 
 8.63000e-02  8.35000e-02  8.69000e-02  8.71000e-02  9.04000e-02 
