
**********************************************************
*** MLMC_100 file version 0.9     produced by          ***
*** MATLAB mlmc_test_100 on 22-Jan-2025 17:29:38       ***
**********************************************************

***************************************** 
*** MLMC errors from 100 calculations *** 
***************************************** 

 Exact value: 3.678794 

 eps = 1.000e-02 
-----------------
 9.22556e-01  9.30223e-01  9.27939e-01  9.32939e-01  9.08924e-01 
 9.29994e-01  9.15107e-01  9.31021e-01  9.05239e-01  9.17989e-01 
 9.38897e-01  9.08371e-01  9.33331e-01  9.25900e-01  9.21591e-01 
 9.26500e-01  9.26477e-01  9.13739e-01  9.25481e-01  9.29121e-01 
 9.25692e-01  9.09845e-01  9.26210e-01  9.22194e-01  9.12704e-01 
 9.28527e-01  9.26446e-01  9.37553e-01  9.18018e-01  9.15035e-01 
 9.19057e-01  9.26123e-01  9.14652e-01  9.25548e-01  9.30040e-01 
 9.26446e-01  9.04476e-01  9.22455e-01  9.26568e-01  9.08845e-01 
 9.25690e-01  9.19822e-01  9.37774e-01  9.36604e-01  9.24754e-01 
 9.31603e-01  9.16515e-01  9.32984e-01  9.13892e-01  9.38803e-01 
 9.21864e-01  9.24477e-01  9.37723e-01  9.30329e-01  9.27321e-01 
 9.24872e-01  9.28361e-01  9.13867e-01  9.36525e-01  9.41128e-01 
 9.14813e-01  9.09181e-01  9.24080e-01  9.33786e-01  9.25952e-01 
 8.98692e-01  9.34807e-01  9.33753e-01  9.38625e-01  9.07385e-01 
 9.20990e-01  9.27735e-01  9.18281e-01  9.26404e-01  9.25875e-01 
 9.14179e-01  9.24929e-01  9.35382e-01  9.35666e-01  9.27805e-01 
 9.26172e-01  9.30055e-01  9.27960e-01  9.27061e-01  9.17019e-01 
 9.16641e-01  9.31669e-01  9.21177e-01  9.31290e-01  9.29759e-01 
 9.21995e-01  9.18700e-01  9.36290e-01  9.06981e-01  9.09561e-01 
 9.45144e-01  9.19669e-01  9.40366e-01  9.20453e-01  9.05982e-01 

 eps = 2.000e-02 
-----------------
 9.20809e-01  9.19962e-01  9.12835e-01  9.05245e-01  9.20417e-01 
 9.37438e-01  9.11188e-01  9.42355e-01  9.11120e-01  8.99956e-01 
 9.27342e-01  9.31103e-01  8.87427e-01  9.31540e-01  9.32462e-01 
 9.08082e-01  9.10945e-01  9.02781e-01  9.18440e-01  9.29148e-01 
 9.29098e-01  9.07247e-01  8.99120e-01  9.48663e-01  9.45105e-01 
 9.18756e-01  9.01896e-01  9.12780e-01  8.71537e-01  9.24770e-01 
 9.36438e-01  9.24078e-01  8.97917e-01  9.09544e-01  8.96774e-01 
 9.22317e-01  9.32307e-01  9.03639e-01  9.02621e-01  8.76186e-01 
 9.31685e-01  9.37323e-01  9.28259e-01  9.02099e-01  9.34548e-01 
 9.08261e-01  8.89975e-01  9.52497e-01  9.25664e-01  9.18417e-01 
 8.88537e-01  9.26949e-01  9.50540e-01  8.94898e-01  9.03777e-01 
 9.18594e-01  9.17634e-01  9.00992e-01  9.35014e-01  9.32856e-01 
 9.05851e-01  9.34734e-01  9.08121e-01  9.32693e-01  9.34729e-01 
 9.06424e-01  9.35935e-01  9.39969e-01  9.26540e-01  9.37408e-01 
 9.17580e-01  9.36673e-01  8.98033e-01  9.24183e-01  9.31050e-01 
 9.21243e-01  9.05349e-01  9.28633e-01  9.67378e-01  9.12609e-01 
 9.33418e-01  9.03645e-01  9.06260e-01  9.07495e-01  9.11183e-01 
 9.04677e-01  9.09109e-01  9.16096e-01  9.06026e-01  9.15108e-01 
 9.25759e-01  9.32124e-01  9.01635e-01  9.35203e-01  9.10725e-01 
 9.22147e-01  9.31006e-01  9.20728e-01  9.22352e-01  9.22426e-01 

 eps = 5.000e-02 
-----------------
 9.09056e-01  8.98057e-01  8.97035e-01  9.02944e-01  9.12092e-01 
 9.06160e-01  8.59913e-01  8.82713e-01  9.09592e-01  9.06512e-01 
 8.70013e-01  9.04571e-01  9.00753e-01  9.24594e-01  9.01325e-01 
 9.06924e-01  9.06257e-01  8.94325e-01  8.72051e-01  9.31088e-01 
 8.73060e-01  9.15922e-01  8.69077e-01  9.76861e-01  9.57343e-01 
 8.64212e-01  8.70377e-01  9.31918e-01  8.78688e-01  8.69268e-01 
 9.40765e-01  8.98463e-01  9.52233e-01  9.03213e-01  9.31464e-01 
 9.12019e-01  9.06673e-01  8.97602e-01  8.83030e-01  9.14424e-01 
 8.79254e-01  8.47804e-01  9.06637e-01  8.68300e-01  9.28329e-01 
 9.15035e-01  9.39356e-01  8.97445e-01  8.85976e-01  9.13871e-01 
 9.05579e-01  8.65030e-01  9.70615e-01  9.02745e-01  8.96152e-01 
 8.66177e-01  9.20200e-01  8.70502e-01  9.16869e-01  8.75265e-01 
 8.51027e-01  8.54077e-01  8.64697e-01  9.23594e-01  8.99424e-01 
 9.41809e-01  9.52357e-01  8.79297e-01  9.35135e-01  9.45379e-01 
 9.32178e-01  9.19858e-01  9.11201e-01  9.47383e-01  8.89289e-01 
 9.10768e-01  9.22102e-01  9.59420e-01  8.88071e-01  8.70379e-01 
 8.69914e-01  8.72996e-01  8.55651e-01  9.31402e-01  9.62225e-01 
 9.17054e-01  8.44506e-01  8.91225e-01  9.16154e-01  8.94436e-01 
 8.48548e-01  8.77137e-01  8.97623e-01  9.48142e-01  8.68523e-01 
 9.50788e-01  9.18869e-01  9.58773e-01  8.87256e-01  8.76345e-01 

 eps = 1.000e-01 
-----------------
 8.61012e-01  8.88624e-01  9.37433e-01  8.92324e-01  8.90506e-01 
 8.91012e-01  8.81424e-01  9.04224e-01  7.97097e-01  8.67812e-01 
 9.53421e-01  8.66003e-01  8.62571e-01  8.73903e-01  9.42633e-01 
 8.55403e-01  8.96824e-01  8.91817e-01  9.37438e-01  8.44900e-01 
 8.64603e-01  8.94706e-01  8.97443e-01  8.43500e-01  9.72214e-01 
 8.93624e-01  8.98743e-01  8.91243e-01  8.13900e-01  8.61403e-01 
 8.95367e-01  8.64912e-01  9.76563e-01  8.62512e-01  8.95924e-01 
 8.33500e-01  8.27800e-01  8.57103e-01  9.33448e-01  8.78206e-01 
 8.33100e-01  8.62603e-01  9.15457e-01  9.66112e-01  9.64773e-01 
 8.40900e-01  8.53612e-01  9.74757e-01  8.85016e-01  8.49600e-01 
 9.10957e-01  8.94224e-01  9.03843e-01  9.14300e-01  9.09517e-01 
 8.43100e-01  9.59657e-01  8.55003e-01  9.69851e-01  8.95856e-01 
 8.28300e-01  9.64260e-01  1.01682e+00  9.50933e-01  8.97743e-01 
 8.68680e-01  8.34600e-01  9.48139e-01  8.61012e-01  9.87443e-01 
 8.97524e-01  8.69103e-01  9.28339e-01  8.98606e-01  8.24200e-01 
 8.95606e-01  8.33100e-01  8.69612e-01  8.52100e-01  8.93106e-01 
 8.91343e-01  8.36500e-01  8.84624e-01  9.47617e-01  9.03743e-01 
 8.57303e-01  8.95017e-01  9.53708e-01  8.58412e-01  8.30800e-01 
 8.64050e-01  8.69512e-01  8.26600e-01  8.55003e-01  8.28200e-01 
 9.03356e-01  8.68950e-01  8.74312e-01  8.96917e-01  9.46314e-01 
