
**********************************************************
*** MLMC_100 file version 0.9     produced by          ***
*** MATLAB mlmc_test_100 on 23-Jan-2025 13:15:37       ***
**********************************************************

***************************************** 
*** MLMC errors from 100 calculations *** 
***************************************** 

 Exact value: 0.329600 

 eps = 1.000e-02 
-----------------
 4.70000e-03  4.00000e-03  5.90000e-03  5.90000e-03  4.80000e-03 
 3.90000e-03  4.90000e-03  7.40000e-03  4.80000e-03  4.90000e-03 
 7.10000e-03  6.90000e-03  5.50000e-03  5.10000e-03  5.60000e-03 
 5.60000e-03  7.00000e-03  4.80000e-03  4.70000e-03  5.30000e-03 
 5.10000e-03  6.80000e-03  6.70000e-03  5.50000e-03  5.20000e-03 
 4.80000e-03  4.00000e-03  5.60000e-03  6.60000e-03  5.30000e-03 
 7.00000e-03  4.60000e-03  5.30000e-03  5.60000e-03  4.80000e-03 
 5.10000e-03  4.90000e-03  5.90000e-03  6.50000e-03  4.50000e-03 
 4.50000e-03  6.00000e-03  6.40000e-03  6.20000e-03  6.30000e-03 
 5.00000e-03  5.80000e-03  5.10000e-03  5.90000e-03  5.50000e-03 
 5.30000e-03  5.60000e-03  6.70000e-03  5.50000e-03  7.10000e-03 
 7.20000e-03  5.30000e-03  7.00000e-03  5.40000e-03  6.60000e-03 
 6.00000e-03  5.30000e-03  5.50000e-03  6.50000e-03  6.40000e-03 
 4.40000e-03  6.20000e-03  6.10000e-03  5.50000e-03  5.40000e-03 
 5.30000e-03  5.60000e-03  5.10000e-03  5.90000e-03  4.90000e-03 
 4.80000e-03  5.30000e-03  5.10000e-03  6.80000e-03  5.90000e-03 
 6.70000e-03  4.50000e-03  4.60000e-03  4.60000e-03  5.70000e-03 
 6.20000e-03  6.20000e-03  5.50000e-03  5.70000e-03  5.40000e-03 
 5.70000e-03  4.90000e-03  5.30000e-03  4.90000e-03  5.30000e-03 
 6.10000e-03  5.50000e-03  5.10000e-03  5.80000e-03  5.80000e-03 

 eps = 2.000e-02 
-----------------
 4.70000e-03  4.00000e-03  5.90000e-03  5.90000e-03  4.80000e-03 
 3.90000e-03  4.90000e-03  7.40000e-03  4.80000e-03  4.90000e-03 
 7.10000e-03  6.90000e-03  5.50000e-03  5.10000e-03  5.60000e-03 
 5.60000e-03  7.00000e-03  4.80000e-03  4.70000e-03  5.30000e-03 
 5.10000e-03  6.80000e-03  6.70000e-03  5.50000e-03  5.20000e-03 
 4.80000e-03  4.00000e-03  5.60000e-03  6.60000e-03  5.30000e-03 
 7.00000e-03  4.60000e-03  5.30000e-03  5.60000e-03  4.80000e-03 
 5.10000e-03  4.90000e-03  5.90000e-03  6.50000e-03  4.50000e-03 
 4.50000e-03  6.00000e-03  6.40000e-03  6.20000e-03  6.30000e-03 
 5.00000e-03  5.80000e-03  5.10000e-03  5.90000e-03  5.50000e-03 
 5.30000e-03  5.60000e-03  6.70000e-03  5.50000e-03  7.10000e-03 
 7.20000e-03  5.30000e-03  7.00000e-03  5.40000e-03  6.60000e-03 
 6.00000e-03  5.30000e-03  5.50000e-03  6.50000e-03  6.40000e-03 
 4.40000e-03  6.20000e-03  6.10000e-03  5.50000e-03  5.40000e-03 
 5.30000e-03  5.60000e-03  5.10000e-03  5.90000e-03  4.90000e-03 
 4.80000e-03  5.30000e-03  5.10000e-03  6.80000e-03  5.90000e-03 
 6.70000e-03  4.50000e-03  4.60000e-03  4.60000e-03  5.70000e-03 
 6.20000e-03  6.20000e-03  5.50000e-03  5.70000e-03  5.40000e-03 
 5.70000e-03  4.90000e-03  5.30000e-03  4.90000e-03  5.30000e-03 
 6.10000e-03  5.50000e-03  5.10000e-03  5.80000e-03  5.80000e-03 

 eps = 5.000e-02 
-----------------
