
**********************************************************
*** MLMC_100 file version 0.9     produced by          ***
*** MATLAB mlmc_test_100 on 22-Jan-2025 22:53:11       ***
**********************************************************

***************************************** 
*** MLMC errors from 100 calculations *** 
***************************************** 

 Exact value: 3.678794 

 eps = 1.000e-02 
-----------------
 9.22319e-01  9.07225e-01  9.31995e-01  9.29358e-01  9.34616e-01 
 9.30848e-01  9.26928e-01  9.43366e-01  9.30240e-01  9.43168e-01 
 9.41555e-01  9.33900e-01  9.10673e-01  9.22849e-01  9.30785e-01 
 9.27747e-01  9.39762e-01  8.93816e-01  9.38607e-01  9.37414e-01 
 9.32082e-01  9.26589e-01  9.20261e-01  9.39359e-01  9.27085e-01 
 9.27329e-01  9.17086e-01  9.33188e-01  9.27991e-01  9.18563e-01 
 9.18497e-01  9.14433e-01  9.08372e-01  9.23130e-01  9.36185e-01 
 9.14794e-01  9.22245e-01  9.16482e-01  9.34717e-01  9.27889e-01 
 9.22319e-01  9.26778e-01  9.33308e-01  9.35929e-01  9.42964e-01 
 9.05325e-01  9.36173e-01  9.27316e-01  9.16750e-01  9.21630e-01 
 9.08501e-01  9.21092e-01  9.39979e-01  9.23648e-01  9.26550e-01 
 9.36443e-01  9.34267e-01  9.28714e-01  9.24500e-01  9.35606e-01 
 9.19795e-01  9.15243e-01  9.21437e-01  9.23697e-01  9.10790e-01 
 9.28935e-01  9.24398e-01  9.12256e-01  9.18920e-01  9.21709e-01 
 9.18669e-01  9.28059e-01  9.30475e-01  9.32994e-01  9.18407e-01 
 9.18283e-01  9.28032e-01  9.19076e-01  9.32678e-01  9.21110e-01 
 9.31865e-01  9.22853e-01  9.30987e-01  9.23868e-01  9.33920e-01 
 9.22592e-01  9.18010e-01  9.23864e-01  9.31770e-01  9.27670e-01 
 9.26337e-01  9.25252e-01  9.08218e-01  9.19638e-01  9.20928e-01 
 9.31909e-01  9.39156e-01  9.21460e-01  9.38690e-01  9.11433e-01 

 eps = 2.000e-02 
-----------------
 9.40419e-01  9.14984e-01  9.15143e-01  9.19940e-01  8.96192e-01 
 9.15980e-01  9.11966e-01  9.14366e-01  9.20233e-01  9.45551e-01 
 9.39902e-01  9.17071e-01  9.01868e-01  9.36130e-01  9.23566e-01 
 9.21719e-01  9.49159e-01  9.06072e-01  9.24734e-01  9.13896e-01 
 9.25050e-01  9.38849e-01  9.05081e-01  9.45140e-01  9.17455e-01 
 9.27917e-01  9.24086e-01  9.39117e-01  9.16443e-01  9.31095e-01 
 9.22629e-01  9.18056e-01  9.27646e-01  9.20717e-01  9.28777e-01 
 9.30817e-01  9.33983e-01  9.04828e-01  9.47496e-01  9.14773e-01 
 8.87969e-01  9.20536e-01  9.31926e-01  9.41441e-01  9.46588e-01 
 9.37464e-01  8.91873e-01  9.19061e-01  9.11476e-01  9.34190e-01 
 9.02132e-01  9.18646e-01  9.17770e-01  8.95243e-01  9.29268e-01 
 9.07207e-01  9.16181e-01  9.24631e-01  9.44703e-01  9.10239e-01 
 9.15247e-01  9.38395e-01  9.10257e-01  9.16779e-01  9.25179e-01 
 9.20057e-01  9.21490e-01  9.31961e-01  8.99787e-01  9.11775e-01 
 9.20308e-01  9.05958e-01  9.32170e-01  9.05371e-01  9.07750e-01 
 9.21130e-01  9.08033e-01  9.15174e-01  9.18727e-01  9.43664e-01 
 9.10583e-01  9.02650e-01  9.23849e-01  9.34838e-01  9.18318e-01 
 9.11709e-01  9.19078e-01  9.45013e-01  9.31756e-01  9.08677e-01 
 9.21337e-01  9.43787e-01  9.03065e-01  9.26306e-01  9.00529e-01 
 9.24010e-01  9.42595e-01  8.88091e-01  9.34345e-01  9.17735e-01 

 eps = 5.000e-02 
-----------------
 9.24746e-01  8.78427e-01  9.05965e-01  8.92548e-01  8.56730e-01 
 9.16411e-01  9.20311e-01  9.58777e-01  8.56984e-01  9.20193e-01 
 9.31859e-01  9.17626e-01  8.38581e-01  9.18568e-01  9.39104e-01 
 9.23766e-01  9.57216e-01  8.99445e-01  8.79220e-01  9.12184e-01 
 8.66702e-01  9.57802e-01  8.65077e-01  9.05845e-01  9.17913e-01 
 9.18795e-01  9.23738e-01  9.25799e-01  8.92711e-01  9.14480e-01 
 8.60734e-01  8.89089e-01  9.18438e-01  9.11500e-01  9.16210e-01 
 9.25409e-01  9.24619e-01  8.54948e-01  8.73734e-01  9.43426e-01 
 8.62353e-01  9.14293e-01  9.14503e-01  9.41856e-01  9.29057e-01 
 9.34280e-01  8.78068e-01  8.60423e-01  8.83801e-01  9.00832e-01 
 9.12301e-01  9.13119e-01  9.55745e-01  8.88406e-01  9.39623e-01 
 9.28080e-01  9.21662e-01  9.06343e-01  9.34349e-01  9.14375e-01 
 9.53322e-01  9.18333e-01  9.26999e-01  9.71814e-01  9.13942e-01 
 9.43190e-01  8.66436e-01  9.31833e-01  8.68388e-01  9.13407e-01 
 9.04609e-01  8.63364e-01  8.73031e-01  8.64308e-01  9.18541e-01 
 8.94357e-01  9.26683e-01  8.89782e-01  9.01384e-01  9.37763e-01 
 9.11272e-01  8.99018e-01  9.14557e-01  9.24428e-01  9.37739e-01 
 8.66871e-01  8.92427e-01  8.98950e-01  9.23451e-01  8.75944e-01 
 9.08054e-01  9.19484e-01  8.52769e-01  8.64026e-01  8.89019e-01 
 9.38307e-01  9.36199e-01  9.39764e-01  9.35894e-01  8.61621e-01 

 eps = 1.000e-01 
-----------------
 8.99308e-01  8.78057e-01  8.77113e-01  8.56467e-01  8.82329e-01 
 8.68913e-01  8.55302e-01  9.06657e-01  8.41625e-01  8.79730e-01 
 8.90601e-01  8.73836e-01  8.71403e-01  9.52912e-01  8.88052e-01 
 8.45131e-01  9.12086e-01  9.17756e-01  8.93226e-01  8.86026e-01 
 8.79898e-01  8.86989e-01  8.49545e-01  9.05634e-01  8.87299e-01 
 8.86376e-01  8.53611e-01  9.35942e-01  8.81697e-01  8.65333e-01 
 9.31667e-01  8.34432e-01  8.66900e-01  8.94301e-01  8.77252e-01 
 8.80235e-01  8.90281e-01  8.45337e-01  9.09167e-01  8.90634e-01 
 8.55945e-01  8.52788e-01  8.66773e-01  8.54853e-01  9.71201e-01 
 8.66256e-01  8.45237e-01  8.53037e-01  8.44907e-01  8.61094e-01 
 8.77228e-01  8.69380e-01  8.81248e-01  8.77669e-01  8.78287e-01 
 9.53613e-01  9.29296e-01  8.70411e-01  8.74377e-01  9.06006e-01 
 8.92261e-01  8.57556e-01  9.52305e-01  8.93022e-01  9.04255e-01 
 8.52590e-01  9.12792e-01  8.54737e-01  8.86675e-01  8.65045e-01 
 8.78181e-01  8.61405e-01  9.42211e-01  8.68231e-01  8.56179e-01 
 8.91716e-01  8.75255e-01  8.49896e-01  9.52482e-01  9.38097e-01 
 8.49816e-01  9.37329e-01  8.67995e-01  8.90987e-01  9.15492e-01 
 8.56669e-01  9.43131e-01  9.28260e-01  9.41859e-01  8.89404e-01 
 9.96914e-01  8.69219e-01  9.07658e-01  8.79147e-01  8.45453e-01 
 8.57565e-01  9.71305e-01  8.63646e-01  9.43712e-01  8.38536e-01 
