
**********************************************************
*** MLMC_100 file version 0.9     produced by          ***
*** MATLAB mlmc_test_100 on 22-Jan-2025 20:40:39       ***
**********************************************************

***************************************** 
*** MLMC errors from 100 calculations *** 
***************************************** 

 Exact value: 3.678794 

 eps = 1.000e-02 
-----------------
 2.42273e+00  2.40296e+00  2.42225e+00  2.44510e+00  2.41189e+00 
 2.41303e+00  2.41366e+00  2.43213e+00  2.43304e+00  2.41753e+00 
 2.42083e+00  2.40652e+00  2.43716e+00  2.41858e+00  2.42343e+00 
 2.42021e+00  2.42282e+00  2.43107e+00  2.41918e+00  2.42121e+00 
 2.42846e+00  2.42122e+00  2.42060e+00  2.42841e+00  2.42239e+00 
 2.43512e+00  2.43339e+00  2.42152e+00  2.42334e+00  2.42096e+00 
 2.40773e+00  2.43559e+00  2.42589e+00  2.42285e+00  2.41730e+00 
 2.41215e+00  2.41176e+00  2.41462e+00  2.43410e+00  2.41520e+00 
 2.42215e+00  2.42207e+00  2.42376e+00  2.42458e+00  2.45088e+00 
 2.41516e+00  2.41416e+00  2.43250e+00  2.43226e+00  2.41117e+00 
 2.42484e+00  2.42517e+00  2.43430e+00  2.42819e+00  2.42788e+00 
 2.41103e+00  2.42344e+00  2.42334e+00  2.41610e+00  2.42377e+00 
 2.41732e+00  2.42595e+00  2.43669e+00  2.41831e+00  2.41649e+00 
 2.42086e+00  2.41386e+00  2.41870e+00  2.42461e+00  2.42305e+00 
 2.42596e+00  2.41864e+00  2.41990e+00  2.43127e+00  2.42429e+00 
 2.43664e+00  2.42929e+00  2.41554e+00  2.43429e+00  2.42293e+00 
 2.42190e+00  2.41610e+00  2.43875e+00  2.41629e+00  2.41324e+00 
 2.42131e+00  2.43793e+00  2.42521e+00  2.43272e+00  2.42003e+00 
 2.43022e+00  2.42793e+00  2.43428e+00  2.42210e+00  2.42117e+00 
 2.41734e+00  2.42672e+00  2.42725e+00  2.41916e+00  2.41846e+00 

 eps = 2.000e-02 
-----------------
 2.42978e+00  2.42751e+00  2.40599e+00  2.44173e+00  2.40185e+00 
 2.41251e+00  2.40977e+00  2.42978e+00  2.39600e+00  2.42980e+00 
 2.41898e+00  2.43781e+00  2.39353e+00  2.44021e+00  2.42288e+00 
 2.42456e+00  2.43519e+00  2.41338e+00  2.40958e+00  2.40832e+00 
 2.40880e+00  2.43934e+00  2.41074e+00  2.41905e+00  2.40806e+00 
 2.42957e+00  2.38873e+00  2.45323e+00  2.42899e+00  2.40985e+00 
 2.41290e+00  2.41363e+00  2.37618e+00  2.40981e+00  2.44431e+00 
 2.43810e+00  2.38962e+00  2.39943e+00  2.41261e+00  2.44784e+00 
 2.43158e+00  2.38806e+00  2.41191e+00  2.42442e+00  2.46669e+00 
 2.41471e+00  2.40537e+00  2.39215e+00  2.40653e+00  2.43028e+00 
 2.43247e+00  2.42425e+00  2.43149e+00  2.41736e+00  2.43064e+00 
 2.42251e+00  2.42130e+00  2.41615e+00  2.43046e+00  2.42160e+00 
 2.41832e+00  2.40461e+00  2.40888e+00  2.40754e+00  2.42510e+00 
 2.42998e+00  2.42735e+00  2.38671e+00  2.46240e+00  2.36991e+00 
 2.41784e+00  2.42848e+00  2.43786e+00  2.40665e+00  2.39431e+00 
 2.38758e+00  2.42259e+00  2.37978e+00  2.43131e+00  2.41740e+00 
 2.40675e+00  2.42790e+00  2.40912e+00  2.43409e+00  2.40748e+00 
 2.42027e+00  2.44511e+00  2.41436e+00  2.43145e+00  2.41101e+00 
 2.42061e+00  2.41162e+00  2.44587e+00  2.39913e+00  2.39834e+00 
 2.41565e+00  2.43441e+00  2.41968e+00  2.42021e+00  2.41809e+00 

 eps = 5.000e-02 
-----------------
 2.43995e+00  2.38977e+00  2.39298e+00  2.44448e+00  2.38585e+00 
 2.35278e+00  2.33607e+00  2.42347e+00  2.38114e+00  2.47349e+00 
 2.43026e+00  2.45689e+00  2.38581e+00  2.33445e+00  2.43454e+00 
 2.37792e+00  2.49571e+00  2.38228e+00  2.40321e+00  2.35080e+00 
 2.29582e+00  2.37844e+00  2.37516e+00  2.41312e+00  2.43270e+00 
 2.34233e+00  2.39354e+00  2.42318e+00  2.42755e+00  2.40118e+00 
 2.37627e+00  2.42076e+00  2.36111e+00  2.38021e+00  2.40826e+00 
 2.42463e+00  2.32644e+00  2.34733e+00  2.40308e+00  2.41704e+00 
 2.38964e+00  2.38298e+00  2.36299e+00  2.41990e+00  2.43200e+00 
 2.37135e+00  2.34178e+00  2.39999e+00  2.42371e+00  2.38349e+00 
 2.40469e+00  2.35690e+00  2.38469e+00  2.41915e+00  2.38749e+00 
 2.43310e+00  2.38491e+00  2.42344e+00  2.41881e+00  2.42526e+00 
 2.40305e+00  2.35835e+00  2.41054e+00  2.37604e+00  2.40764e+00 
 2.39109e+00  2.39523e+00  2.39398e+00  2.44482e+00  2.37339e+00 
 2.33895e+00  2.43663e+00  2.40754e+00  2.38107e+00  2.41089e+00 
 2.41900e+00  2.38511e+00  2.36524e+00  2.38578e+00  2.33285e+00 
 2.39783e+00  2.39578e+00  2.43357e+00  2.43011e+00  2.41222e+00 
 2.42270e+00  2.41438e+00  2.40663e+00  2.42721e+00  2.37686e+00 
 2.35317e+00  2.42210e+00  2.44040e+00  2.37829e+00  2.39658e+00 
 2.41399e+00  2.44562e+00  2.40658e+00  2.42151e+00  2.34927e+00 

 eps = 1.000e-01 
-----------------
 2.29065e+00  2.47051e+00  2.38934e+00  2.42287e+00  2.42990e+00 
 2.34483e+00  2.36163e+00  2.33040e+00  2.40251e+00  2.42198e+00 
 2.36907e+00  2.36574e+00  2.39867e+00  2.28010e+00  2.42220e+00 
 2.34901e+00  2.39912e+00  2.39054e+00  2.48345e+00  2.38529e+00 
 2.45691e+00  2.40550e+00  2.28940e+00  2.37802e+00  2.30733e+00 
 2.42574e+00  2.45299e+00  2.44799e+00  2.36124e+00  2.31798e+00 
 2.28463e+00  2.33327e+00  2.30048e+00  2.36555e+00  2.30463e+00 
 2.48269e+00  2.31977e+00  2.28085e+00  2.45816e+00  2.47475e+00 
 2.28233e+00  2.33624e+00  2.36639e+00  2.38853e+00  2.32053e+00 
 2.29552e+00  2.46603e+00  2.36512e+00  2.34208e+00  2.38717e+00 
 2.32610e+00  2.39412e+00  2.49353e+00  2.54682e+00  2.24031e+00 
 2.44863e+00  2.36777e+00  2.35683e+00  2.42794e+00  2.46777e+00 
 2.40027e+00  2.34367e+00  2.27622e+00  2.35738e+00  2.30493e+00 
 2.36289e+00  2.41600e+00  2.43355e+00  2.40672e+00  2.31851e+00 
 2.27110e+00  2.37728e+00  2.33354e+00  2.34148e+00  2.46273e+00 
 2.32188e+00  2.34646e+00  2.22268e+00  2.32732e+00  2.24821e+00 
 2.38713e+00  2.33720e+00  2.49786e+00  2.36437e+00  2.40237e+00 
 2.38538e+00  2.54690e+00  2.24851e+00  2.33785e+00  2.44254e+00 
 2.31844e+00  2.41211e+00  2.38762e+00  2.35979e+00  2.40349e+00 
 2.44417e+00  2.43211e+00  2.44928e+00  2.34166e+00  2.33625e+00 
