
**********************************************************
*** MLMC_100 file version 0.9     produced by          ***
*** MATLAB mlmc_test_100 on 23-Jan-2025 13:43:44       ***
**********************************************************

***************************************** 
*** MLMC errors from 100 calculations *** 
***************************************** 

 Exact value: 3.678794 

 eps = 1.000e-02 
-----------------
 4.48668e-03  4.42500e-03  4.66886e-03  6.43765e-03  5.80420e-03 
 4.75872e-03  4.53588e-03  6.96269e-03  5.12192e-03  4.66089e-03 
 5.80432e-03  7.00341e-03  5.42920e-03  4.64409e-03  5.91753e-03 
 6.10509e-03  6.92135e-03  3.95040e-03  6.24379e-03  4.71545e-03 
 6.11991e-03  6.14431e-03  6.79521e-03  5.15914e-03  5.54483e-03 
 4.99850e-03  4.76438e-03  5.90122e-03  7.08332e-03  5.84159e-03 
 6.96456e-03  4.15187e-03  5.08229e-03  5.08061e-03  5.42871e-03 
 4.59568e-03  4.10782e-03  5.77968e-03  6.25008e-03  5.16851e-03 
 4.87413e-03  5.37941e-03  6.77375e-03  6.36856e-03  6.63698e-03 
 5.87809e-03  5.14677e-03  5.14027e-03  5.89350e-03  5.68808e-03 
 5.43114e-03  6.19478e-03  5.66705e-03  5.49627e-03  5.89749e-03 
 6.65556e-03  6.06567e-03  5.99707e-03  5.25177e-03  6.65703e-03 
 5.65411e-03  4.95918e-03  6.16988e-03  6.58072e-03  5.65806e-03 
 6.37485e-03  5.73327e-03  5.30571e-03  5.30763e-03  5.73323e-03 
 5.40061e-03  4.98260e-03  5.38763e-03  6.75197e-03  5.44528e-03 
 4.26094e-03  5.27617e-03  6.07751e-03  5.56510e-03  5.98643e-03 
 5.25927e-03  4.34964e-03  5.02111e-03  5.88130e-03  4.85057e-03 
 5.37748e-03  6.55541e-03  5.04112e-03  5.59027e-03  5.30226e-03 
 5.43078e-03  5.22290e-03  4.65263e-03  5.74714e-03  5.54447e-03 
 5.94229e-03  5.61851e-03  6.55894e-03  5.27421e-03  5.34339e-03 

 eps = 2.000e-02 
-----------------
 4.48668e-03  4.42500e-03  4.66886e-03  6.43765e-03  5.80420e-03 
 4.75872e-03  4.53588e-03  6.96269e-03  5.12192e-03  4.66089e-03 
 5.80432e-03  7.00341e-03  5.42920e-03  4.64409e-03  5.91753e-03 
 6.10509e-03  6.92135e-03  3.95040e-03  6.24379e-03  4.71545e-03 
 6.11991e-03  6.14431e-03  6.79521e-03  5.15914e-03  5.54483e-03 
 4.99850e-03  4.76438e-03  5.90122e-03  7.08332e-03  5.84159e-03 
 6.96456e-03  4.15187e-03  5.08229e-03  5.08061e-03  5.42871e-03 
 4.59568e-03  4.10782e-03  5.77968e-03  6.25008e-03  5.16851e-03 
 4.87413e-03  5.37941e-03  6.77375e-03  6.36856e-03  6.63698e-03 
 5.87809e-03  5.14677e-03  5.14027e-03  5.89350e-03  5.68808e-03 
 5.43114e-03  6.19478e-03  5.66705e-03  5.49627e-03  5.89749e-03 
 6.65556e-03  6.06567e-03  5.99707e-03  5.25177e-03  6.65703e-03 
 5.65411e-03  4.95918e-03  6.16988e-03  6.58072e-03  5.65806e-03 
 6.37485e-03  5.73327e-03  5.30571e-03  5.30763e-03  5.73323e-03 
 5.40061e-03  4.98260e-03  5.38763e-03  6.75197e-03  5.44528e-03 
 4.26094e-03  5.27617e-03  6.07751e-03  5.56510e-03  5.98643e-03 
 5.25927e-03  4.34964e-03  5.02111e-03  5.88130e-03  4.85057e-03 
 5.37748e-03  6.55541e-03  5.04112e-03  5.59027e-03  5.30226e-03 
 5.43078e-03  5.22290e-03  4.65263e-03  5.74714e-03  5.54447e-03 
 5.94229e-03  5.61851e-03  6.55894e-03  5.27421e-03  5.34339e-03 

 eps = 5.000e-02 
-----------------
 4.48668e-03  4.42500e-03  4.66886e-03  6.43765e-03  5.80420e-03 
 4.75872e-03  4.53588e-03  6.96269e-03  5.12192e-03  4.66089e-03 
 5.80432e-03  7.00341e-03  5.42920e-03  4.64409e-03  5.91753e-03 
 6.10509e-03  6.92135e-03  3.95040e-03  6.24379e-03  4.71545e-03 
 6.11991e-03  6.14431e-03  6.79521e-03  5.15914e-03  5.54483e-03 
 4.99850e-03  4.76438e-03  5.90122e-03  7.08332e-03  5.84159e-03 
 6.96456e-03  4.15187e-03  5.08229e-03  5.08061e-03  5.42871e-03 
 4.59568e-03  4.10782e-03  5.77968e-03  6.25008e-03  5.16851e-03 
 4.87413e-03  5.37941e-03  6.77375e-03  6.36856e-03  6.63698e-03 
 5.87809e-03  5.14677e-03  5.14027e-03  5.89350e-03  5.68808e-03 
 5.43114e-03  6.19478e-03  5.66705e-03  5.49627e-03  5.89749e-03 
 6.65556e-03  6.06567e-03  5.99707e-03  5.25177e-03  6.65703e-03 
 5.65411e-03  4.95918e-03  6.16988e-03  6.58072e-03  5.65806e-03 
 6.37485e-03  5.73327e-03  5.30571e-03  5.30763e-03  5.73323e-03 
 5.40061e-03  4.98260e-03  5.38763e-03  6.75197e-03  5.44528e-03 
 4.26094e-03  5.27617e-03  6.07751e-03  5.56510e-03  5.98643e-03 
 5.25927e-03  4.34964e-03  5.02111e-03  5.88130e-03  4.85057e-03 
 5.37748e-03  6.55541e-03  5.04112e-03  5.59027e-03  5.30226e-03 
 5.43078e-03  5.22290e-03  4.65263e-03  5.74714e-03  5.54447e-03 
 5.94229e-03  5.61851e-03  6.55894e-03  5.27421e-03  5.34339e-03 

 eps = 1.000e-01 
-----------------
 4.48668e-03  4.42500e-03  4.66886e-03  6.43765e-03  5.80420e-03 
 4.75872e-03  4.53588e-03  6.96269e-03  5.12192e-03  4.66089e-03 
 5.80432e-03  7.00341e-03  5.42920e-03  4.64409e-03  5.91753e-03 
 6.10509e-03  6.92135e-03  3.95040e-03  6.24379e-03  4.71545e-03 
 6.11991e-03  6.14431e-03  6.79521e-03  5.15914e-03  5.54483e-03 
 4.99850e-03  4.76438e-03  5.90122e-03  7.08332e-03  5.84159e-03 
 6.96456e-03  4.15187e-03  5.08229e-03  5.08061e-03  5.42871e-03 
 4.59568e-03  4.10782e-03  5.77968e-03  6.25008e-03  5.16851e-03 
 4.87413e-03  5.37941e-03  6.77375e-03  6.36856e-03  6.63698e-03 
 5.87809e-03  5.14677e-03  5.14027e-03  5.89350e-03  5.68808e-03 
 5.43114e-03  6.19478e-03  5.66705e-03  5.49627e-03  5.89749e-03 
 6.65556e-03  6.06567e-03  5.99707e-03  5.25177e-03  6.65703e-03 
 5.65411e-03  4.95918e-03  6.16988e-03  6.58072e-03  5.65806e-03 
 6.37485e-03  5.73327e-03  5.30571e-03  5.30763e-03  5.73323e-03 
 5.40061e-03  4.98260e-03  5.38763e-03  6.75197e-03  5.44528e-03 
 4.26094e-03  5.27617e-03  6.07751e-03  5.56510e-03  5.98643e-03 
 5.25927e-03  4.34964e-03  5.02111e-03  5.88130e-03  4.85057e-03 
 5.37748e-03  6.55541e-03  5.04112e-03  5.59027e-03  5.30226e-03 
 5.43078e-03  5.22290e-03  4.65263e-03  5.74714e-03  5.54447e-03 
 5.94229e-03  5.61851e-03  6.55894e-03  5.27421e-03  5.34339e-03 
