
**********************************************************
*** MLMC_100 file version 0.9     produced by          ***
*** MATLAB mlmc_test_100 on 22-Jan-2025 21:42:22       ***
**********************************************************

***************************************** 
*** MLMC errors from 100 calculations *** 
***************************************** 

 Exact value: 3.678794 

 eps = 1.000e-02 
-----------------
 1.01009e-01  1.10774e-01  1.13342e-01  1.18068e-01  1.18079e-01 
 1.18023e-01  1.06064e-01  1.26145e-01  1.21895e-01  1.14343e-01 
 1.11057e-01  1.17648e-01  1.05029e-01  1.13865e-01  1.07363e-01 
 1.15905e-01  1.12923e-01  1.20108e-01  1.08735e-01  1.23382e-01 
 1.19719e-01  1.14971e-01  1.18079e-01  1.05127e-01  1.20264e-01 
 1.07592e-01  1.16990e-01  1.19448e-01  1.09578e-01  1.14253e-01 
 1.21596e-01  1.14055e-01  1.10325e-01  1.16562e-01  1.13872e-01 
 1.14990e-01  1.04499e-01  1.17054e-01  1.14333e-01  1.09753e-01 
 1.17361e-01  1.13083e-01  1.19346e-01  1.12967e-01  1.16614e-01 
 1.07837e-01  1.06654e-01  1.16568e-01  1.04948e-01  1.15472e-01 
 1.19969e-01  9.99733e-02  1.10486e-01  1.08546e-01  1.11488e-01 
 1.22404e-01  1.25399e-01  1.16947e-01  1.14932e-01  1.11899e-01 
 1.10944e-01  1.03010e-01  1.03995e-01  1.20515e-01  1.10990e-01 
 9.56643e-02  1.14131e-01  1.25871e-01  1.10129e-01  1.02355e-01 
 1.12562e-01  1.13374e-01  1.23603e-01  1.03944e-01  1.19256e-01 
 1.05941e-01  1.23607e-01  1.12926e-01  1.26301e-01  1.20383e-01 
 1.15603e-01  1.25635e-01  1.06510e-01  1.18031e-01  1.17766e-01 
 1.14794e-01  1.28789e-01  1.06133e-01  1.18583e-01  1.01406e-01 
 1.20715e-01  1.12554e-01  1.11995e-01  1.14890e-01  1.19329e-01 
 1.17014e-01  1.07386e-01  1.05373e-01  1.19293e-01  1.16317e-01 

 eps = 2.000e-02 
-----------------
 1.15180e-01  1.13190e-01  1.32240e-01  1.07965e-01  9.24137e-02 
 1.32015e-01  1.18818e-01  1.01990e-01  1.18206e-01  1.05594e-01 
 9.75819e-02  1.16162e-01  1.08326e-01  1.16800e-01  1.06775e-01 
 1.17320e-01  9.15690e-02  1.23083e-01  1.03629e-01  9.13240e-02 
 1.01399e-01  9.55740e-02  1.31315e-01  9.62311e-02  9.89055e-02 
 1.03728e-01  1.22190e-01  1.08590e-01  1.15558e-01  1.15183e-01 
 1.27744e-01  9.07548e-02  1.18337e-01  1.19603e-01  9.43548e-02 
 9.74884e-02  1.17773e-01  1.10562e-01  1.13308e-01  9.76224e-02 
 1.10165e-01  1.09682e-01  1.30067e-01  9.82838e-02  1.26060e-01 
 1.23089e-01  8.96352e-02  1.18085e-01  1.09011e-01  1.18044e-01 
 1.28354e-01  1.04824e-01  1.16271e-01  9.57523e-02  9.44558e-02 
 1.07285e-01  1.28154e-01  1.02559e-01  1.02588e-01  1.04663e-01 
 1.25043e-01  1.06829e-01  1.02744e-01  1.22987e-01  1.16139e-01 
 1.12359e-01  9.32631e-02  9.98618e-02  1.14362e-01  1.07757e-01 
 9.91276e-02  1.03079e-01  1.03359e-01  8.58122e-02  1.15898e-01 
 9.22450e-02  1.28818e-01  9.66100e-02  9.67173e-02  1.15712e-01 
 1.12402e-01  1.29612e-01  1.00591e-01  1.18861e-01  1.24470e-01 
 1.26715e-01  1.23983e-01  1.05795e-01  1.15341e-01  9.57225e-02 
 1.29667e-01  1.04395e-01  1.09094e-01  1.06472e-01  1.35012e-01 
 1.20170e-01  1.18498e-01  1.01134e-01  1.00792e-01  1.26722e-01 

 eps = 5.000e-02 
-----------------
 8.73811e-02  8.41987e-02  9.21537e-02  9.25047e-02  1.21282e-01 
 8.85254e-02  1.34593e-01  1.18801e-01  1.10048e-01  8.60316e-02 
 8.99663e-02  8.61458e-02  9.00702e-02  9.23235e-02  1.38274e-01 
 1.04494e-01  8.91770e-02  9.08660e-02  1.02935e-01  8.49221e-02 
 8.65115e-02  1.21211e-01  8.45023e-02  1.05060e-01  8.68325e-02 
 1.04194e-01  1.19115e-01  1.31941e-01  1.71839e-01  8.76781e-02 
 9.03160e-02  9.72182e-02  1.24767e-01  9.89992e-02  8.36203e-02 
 1.08194e-01  8.39619e-02  8.87129e-02  9.28199e-02  8.23896e-02 
 1.04985e-01  1.08721e-01  8.76955e-02  1.02246e-01  1.43584e-01 
 8.66851e-02  8.68792e-02  8.78919e-02  8.70821e-02  1.02273e-01 
 1.02531e-01  7.94150e-02  1.27848e-01  8.66248e-02  1.17973e-01 
 9.49342e-02  8.77346e-02  8.88583e-02  1.37169e-01  8.82211e-02 
 8.82615e-02  9.31721e-02  1.16120e-01  8.70637e-02  8.41014e-02 
 1.29461e-01  1.09710e-01  9.15179e-02  1.07471e-01  1.30095e-01 
 1.15512e-01  9.55094e-02  8.59139e-02  9.67474e-02  9.07030e-02 
 8.68393e-02  9.05042e-02  1.13179e-01  8.82624e-02  8.99534e-02 
 9.53563e-02  1.20460e-01  8.29472e-02  1.02096e-01  1.03379e-01 
 1.06335e-01  8.91304e-02  1.00952e-01  1.04276e-01  1.02090e-01 
 1.43441e-01  8.33918e-02  1.02432e-01  9.44579e-02  1.06051e-01 
 8.63729e-02  9.92017e-02  1.01146e-01  8.90278e-02  8.89422e-02 

 eps = 1.000e-01 
-----------------
 8.73811e-02  1.26227e-01  1.06080e-01  8.89706e-02  8.89252e-02 
 8.85254e-02  8.72985e-02  9.84694e-02  8.87241e-02  1.88484e-01 
 8.92587e-02  9.24807e-02  8.51552e-02  1.23733e-01  7.98940e-02 
 1.40001e-01  8.91770e-02  8.75002e-02  8.25896e-02  8.49221e-02 
 8.65115e-02  8.75409e-02  8.45023e-02  8.51433e-02  8.57522e-02 
 8.42259e-02  8.70310e-02  8.46474e-02  8.79327e-02  1.18394e-01 
 9.03160e-02  8.51684e-02  9.03237e-02  8.60675e-02  8.36203e-02 
 8.71943e-02  1.02803e-01  8.87129e-02  8.82980e-02  8.23896e-02 
 8.40092e-02  8.47811e-02  1.50359e-01  8.54350e-02  1.02078e-01 
 8.66851e-02  8.68792e-02  1.22936e-01  8.46790e-02  9.26009e-02 
 8.57199e-02  7.94150e-02  8.72075e-02  8.66248e-02  9.32380e-02 
 8.87154e-02  8.70885e-02  8.88583e-02  8.97735e-02  8.82211e-02 
 8.82615e-02  8.53111e-02  8.70898e-02  8.70637e-02  8.41014e-02 
 8.16288e-02  8.32261e-02  9.15179e-02  1.27682e-01  8.21307e-02 
 8.77914e-02  8.79760e-02  8.59139e-02  7.99362e-02  9.07030e-02 
 8.34735e-02  8.48519e-02  8.59614e-02  1.00043e-01  8.68802e-02 
 8.58428e-02  9.02488e-02  8.29472e-02  8.79307e-02  8.80960e-02 
 1.33220e-01  8.90804e-02  8.47034e-02  8.43593e-02  1.61513e-01 
 9.61919e-02  8.33918e-02  1.38012e-01  8.90748e-02  8.73719e-02 
 1.28401e-01  8.12298e-02  8.51356e-02  8.90278e-02  8.89422e-02 
