
**********************************************************
*** MLMC_100 file version 0.9     produced by          ***
*** MATLAB mlmc_test_100 on 22-Jan-2025 22:19:49       ***
**********************************************************

***************************************** 
*** MLMC errors from 100 calculations *** 
***************************************** 

 Exact value: 3.678794 

 eps = 1.000e-02 
-----------------
 5.32585e-01  5.27501e-01  5.23332e-01  5.30680e-01  5.27441e-01 
 5.35117e-01  5.31298e-01  5.37206e-01  5.36904e-01  5.37289e-01 
 5.35803e-01  5.31801e-01  5.24206e-01  5.21234e-01  5.36615e-01 
 5.38472e-01  5.37697e-01  5.38353e-01  5.30122e-01  5.17182e-01 
 5.20327e-01  5.40254e-01  5.43938e-01  5.27011e-01  5.41308e-01 
 5.33074e-01  5.26104e-01  5.29506e-01  5.38404e-01  5.39860e-01 
 5.13512e-01  5.40404e-01  5.23634e-01  5.31131e-01  5.30848e-01 
 5.40570e-01  5.33776e-01  5.22985e-01  5.25772e-01  5.24842e-01 
 5.25331e-01  5.33111e-01  5.45908e-01  5.30803e-01  5.21717e-01 
 5.18994e-01  5.33269e-01  5.36118e-01  5.23858e-01  5.27128e-01 
 5.27110e-01  5.35930e-01  5.53655e-01  5.41051e-01  5.16586e-01 
 5.49349e-01  5.31089e-01  5.28762e-01  5.17612e-01  5.40191e-01 
 5.19026e-01  5.39089e-01  5.29298e-01  5.16337e-01  5.28193e-01 
 5.25632e-01  5.27487e-01  5.22466e-01  5.23899e-01  5.34302e-01 
 5.26677e-01  5.43226e-01  5.25813e-01  5.27468e-01  5.26286e-01 
 5.26884e-01  5.31457e-01  5.26308e-01  5.35418e-01  5.30329e-01 
 5.39445e-01  5.19859e-01  5.37389e-01  5.41270e-01  5.37089e-01 
 5.46411e-01  5.26227e-01  5.33498e-01  5.30704e-01  5.29833e-01 
 5.26537e-01  5.33138e-01  5.36572e-01  5.55774e-01  5.33688e-01 
 5.26504e-01  5.29054e-01  5.45638e-01  5.48015e-01  5.33770e-01 

 eps = 2.000e-02 
-----------------
 5.37489e-01  5.34533e-01  5.14393e-01  5.47991e-01  5.05035e-01 
 5.25274e-01  5.41083e-01  5.05718e-01  5.24597e-01  5.24014e-01 
 5.29639e-01  5.27661e-01  5.22358e-01  5.33376e-01  5.23914e-01 
 5.13960e-01  5.27481e-01  5.28992e-01  5.07117e-01  5.50323e-01 
 5.12039e-01  5.21347e-01  5.41551e-01  5.17663e-01  5.43288e-01 
 5.40702e-01  5.34803e-01  5.29427e-01  5.33844e-01  5.17051e-01 
 5.19317e-01  5.48159e-01  5.35155e-01  5.14375e-01  5.10900e-01 
 5.30096e-01  5.22802e-01  5.34696e-01  5.38828e-01  5.14734e-01 
 5.31693e-01  5.28659e-01  5.46382e-01  5.61544e-01  5.29435e-01 
 5.38146e-01  5.19614e-01  5.36491e-01  5.12467e-01  5.07611e-01 
 5.24239e-01  5.26060e-01  5.36941e-01  5.34561e-01  5.08528e-01 
 5.26141e-01  5.08383e-01  5.26418e-01  5.39851e-01  5.52737e-01 
 5.14396e-01  5.10884e-01  5.11847e-01  5.08018e-01  5.37504e-01 
 5.11243e-01  5.37256e-01  4.98881e-01  5.30116e-01  5.23030e-01 
 5.10762e-01  5.53776e-01  5.23231e-01  4.99712e-01  5.07473e-01 
 5.35611e-01  5.48806e-01  5.03179e-01  5.34139e-01  5.26574e-01 
 5.26729e-01  5.36058e-01  5.38090e-01  5.35071e-01  5.48137e-01 
 5.13084e-01  5.35715e-01  5.42689e-01  5.31510e-01  5.21329e-01 
 5.38328e-01  5.21819e-01  5.33683e-01  5.42334e-01  5.39390e-01 
 5.22680e-01  5.32128e-01  5.21750e-01  5.44309e-01  5.37753e-01 

 eps = 5.000e-02 
-----------------
 4.97000e-01  5.64189e-01  5.16126e-01  5.35539e-01  5.20315e-01 
 4.84331e-01  4.81911e-01  5.33180e-01  5.36680e-01  5.06498e-01 
 4.78478e-01  4.98165e-01  5.24910e-01  5.17884e-01  4.89565e-01 
 5.01916e-01  5.18167e-01  5.16678e-01  4.69647e-01  5.09875e-01 
 5.45777e-01  5.38304e-01  5.02395e-01  5.19287e-01  5.25636e-01 
 5.10914e-01  5.07487e-01  5.33157e-01  5.17187e-01  5.47801e-01 
 4.99306e-01  5.48067e-01  5.39784e-01  5.39345e-01  5.62915e-01 
 4.94149e-01  5.58898e-01  4.66798e-01  5.03366e-01  5.26614e-01 
 4.82482e-01  5.16848e-01  5.81410e-01  4.90793e-01  5.35239e-01 
 4.85090e-01  5.47686e-01  5.77965e-01  4.97276e-01  5.10097e-01 
 5.54041e-01  5.19322e-01  5.06545e-01  5.82812e-01  5.28297e-01 
 5.32040e-01  5.23205e-01  5.55606e-01  5.19741e-01  4.67732e-01 
 5.16953e-01  5.09881e-01  5.38380e-01  5.24141e-01  4.87764e-01 
 5.14503e-01  4.90342e-01  4.95742e-01  5.24914e-01  5.24645e-01 
 5.41519e-01  5.22701e-01  5.61540e-01  5.39188e-01  4.55058e-01 
 4.78865e-01  5.19184e-01  5.28793e-01  5.41528e-01  5.02336e-01 
 5.15271e-01  5.23831e-01  4.88042e-01  5.46737e-01  4.92897e-01 
 5.18137e-01  5.73498e-01  4.79596e-01  5.67445e-01  5.58150e-01 
 5.44669e-01  5.06156e-01  5.15817e-01  5.31103e-01  4.74159e-01 
 5.17708e-01  5.06523e-01  5.35067e-01  4.90167e-01  5.07975e-01 

 eps = 1.000e-01 
-----------------
 5.30713e-01  4.82953e-01  4.78761e-01  4.96942e-01  4.91847e-01 
 4.42153e-01  4.91454e-01  5.44407e-01  5.60191e-01  5.15501e-01 
 5.31495e-01  5.24414e-01  4.46486e-01  5.79423e-01  5.73600e-01 
 6.09740e-01  6.25537e-01  4.89003e-01  5.56931e-01  4.29605e-01 
 5.00960e-01  5.62282e-01  4.37255e-01  4.75683e-01  4.21985e-01 
 4.97984e-01  4.21483e-01  6.11537e-01  4.63585e-01  4.48308e-01 
 5.07054e-01  5.65719e-01  4.50639e-01  4.41686e-01  4.03685e-01 
 5.25948e-01  5.59352e-01  4.24112e-01  4.87307e-01  4.70355e-01 
 4.90305e-01  4.19311e-01  4.94540e-01  5.73313e-01  4.98745e-01 
 4.41136e-01  4.18603e-01  5.48058e-01  4.87890e-01  5.79683e-01 
 5.97387e-01  5.06131e-01  5.20395e-01  5.41428e-01  5.17355e-01 
 5.08598e-01  4.95396e-01  5.05685e-01  4.86887e-01  4.45326e-01 
 4.44753e-01  4.79565e-01  5.02368e-01  4.90973e-01  4.82466e-01 
 4.27706e-01  4.23013e-01  4.51480e-01  4.66027e-01  4.99232e-01 
 5.45161e-01  4.58308e-01  4.53570e-01  5.18356e-01  5.33749e-01 
 4.96463e-01  4.51399e-01  4.08744e-01  4.87306e-01  4.67845e-01 
 5.58452e-01  4.29070e-01  5.84468e-01  5.40263e-01  4.66217e-01 
 4.38394e-01  5.16611e-01  4.26686e-01  4.48726e-01  4.83379e-01 
 5.52145e-01  4.82307e-01  4.97122e-01  5.63007e-01  6.25510e-01 
 5.07367e-01  4.91847e-01  5.03808e-01  4.55540e-01  4.46701e-01 
